115. ιιι. 11151. 013

Ἴ 5. 58. 81. 1.. 5. 8. 135. (1151551 1155 5111151155). L. 12. 8. 011. (115 pignoribus
⁰⁸ Ὗ ’11 ’1.. L o. 515. (1511115515. 5511.) 5151111111. 5. 1. ιιι.
p. 15. 81. L. 21. 51. 0. 12. 5. ((15 155115 5551511515). 1. 505100. 11. 2.
(515 15515). L. 25. 0. 12. 1. (15 15555 51511115). 05 551155515511555155155515
51. L. 3.Ι..1.1..11.515110.202115551555555115). 1..1. 51. 0. 2 11.
(15 555111) 5115 Ι.. 1. 8. 8. 15. (15 quibos 555111 515515). L. L 8. 013. (5551-
155515 15 1551115) 1151155155 11 11515 0555111515515. 1. 1151115551 1111. 525.

5. 35. L. 18. 5. 8. 0. 20. 1. (15 5155511515) 15 05511. 111. 2101111170
81. L. 10. 0. ibidem. L. L 51. 0. 13. 33. (115 81111155 1515111515). coetorum
do praesumtione obligationis. 5555 515 1515 55115 comittit, 51. L. 11. 51. 512.
11. 15. 2. (do 115555 1511). 1..13. 0121. (1515 iudicio). L. 33. 1.. 81. 515.
1. 85. 0. 30. (15 1155111 1.).
,31 155055. 51. 512020 L (551 515151155155555).
,38 1. 2. 8. 81 31. (115 15111555 51555111). 110151. 8.1. 32. (15
praescriptione 11111.
510. L. 21. 0111115555 15 11551555 creditorum) io 01511. 111. 1. 21.
111. 5180 81. 1. 5. 51. 0. ibidem. 1..15. 0. 1. 5. (51 quibus 5511515 maiores).
L. 21. 51. 0. 15. 1. (15 55551151. L. 2. 8. 1.10. (15 155511 exceptione).

5. 11. L. 2. 8.’1.13.(15511111551501511. 1..8.11.20.1.(5515511515115 ,

5155515). L. 3. 8. 8. 18. (qui potiores 15 51555151. L. 3. 8. 8.· 28. (15 romin-
51555 51555115). 1. 12. 8. 8. 28. (115 1155151555 pignorum). .

,12. 811.. 55. 51. 8. 5.15.(15 1515151155). ·
. 13. 81. 1. 1. 513. 51 30. 0. 15. 3. (15555111). 1.. 12. 0116. (15 88.
115551). Le. 51.0.11.1.(ι51151111). L. 58. 52. 0112. (515 155151. 115.
0. 3. 5. (15 55551115 555115). L. 35. 51. L 41. 5.1.512. L. 18. 51. L. 83. 5. 5.
L 108. L. 131. §.fil 0.15.1.(15151555551 5511551). L. 1. 5. 15. 0. 211. (115
5151151 Gaii 1551. 111501. L. L 5. 0. 51 10. 0. 11. 1. (15 obligationibus 51
1511551555). L. 5. 51. L. 31. 5. 2. L. 52ΙΙ 5.1. 1..,10. 0. 18. 1. (115 contrahendo
1111111111·,111111111111111112111111111111.1111111
11515511 1515 1511115551 1111151105 11511. 515. 22. -
5. 11. . 1. 0203. (quoe 155 5155511) 15 05511. 1111. 1. 1. 111. 511. 81.
L. 30. 0. 12. 1. (1515555 5151111151. 1151. 11115551. 0201. (qni
55115115 15 pignore). iio reliquorum 555111155515 1515 51. L. 0. 55591. 512.
1.. 11. 51. [D. 201155155115151). 1.. 15. 5. 5. 0. 20. 1. (11 5155551551 51
555515.) 1151515155 15 11515 05511115515511. 1. 1151111511 1111. 580.
515. L. 5. 8..8. 18.(551 55115155) 15115511. 1111. 5. 33. 111. 583. 81.
Ι.. 2. 0. 20. 1. (qui potiores 15 515551). L. 2. 8. 811. (15 5155511555 51 5555·
1555151. L. 151. 0.20.1.(151551151551. 1. 1. 8. 8. 20. (51 iniquior). 1151.
11251151. L. 1. 8.8.18.(55155115155) 15 05511. 111. 5. 31. 111. 5. 83. 81.
1.. 5.-1..1. 51. 0201. (qui 55115155 15 5155555). 1..11. 8. 811. (15 5155511555
515 5155511). 115101. 5553. 511. 1151. 135. 5153.
,11. L. 5. 52-1. 0. 12. 8. (5555 15 11551551 515111.) 15 05511 11. 8. 5.
1 5111. 1. L 55. 0. 385. (11 quid io 11551515 51115511. 1. 58. 51. 0112
111111111111.-1..1.1111111111111.. 1111311· ,
111111111111111111111 ii 31 (11 1111111111111· 11·
1115. oo. 1. ioqui· 111151). 'L 15511 11. (1551111151). ' ' '
518. L. L 8. 0211. (51 antiquior 5151111511 15 05511. 1111117. 111. 518.
81. L. 3. 8. ibidem. L 5. 8. 8. 18. (qui 55115151). 1. 5. L. 1. 01. 10. (15
5511550551511511511551551). L. 3. 0. 20. 5. (1511511150555515551551).
510. 1. 1. 0. 12. 8. (1555111555 bonorum) 15 115511.

81. 1.. 25. 0. 12. 1. (15 tobit 51511115). L. 5. 51. 0. 211. 1. (5515511515515 pi·
55515). L. 25. 1.. 81. 012. 5. (15 155551551510515). “
5. 50. 1.. 1. fl. 1. 0. 201 (qui 55115155) 15 85511. 1111. 5. 5. 111. 5.·10.
05 5155515 55551511, quo 51 5515511 5115155151,51.1..31.5.2. 0. 201. (15 51555-
11555 51 5555155511). -
5. 51. 1.. 11. 0128. (5515 15 fraudem 5151115155) 15 0151111. 8. 14.

58

 

51. 1. 15111. ·

