111111, 1111. ⁸ 388

5 13.Ι L. 1,813111111111111111181181111 81111111, 8. 38, 11. 1, 818,
tun 1181118, ei. L 3, 81818111, L 88 5. L L55. 8,18,8,11111111111ι111111.1,
L. 13, 1, 3. L 18 81111111. 811181,

1.14,18,8838,(111111111118111111118111111181111,111,3,8.1,

8,8,1 11111811111,81,1,,18,8,3,,38 1111111111811111111811). 8488811.
1811111111, 1.,81, (18, 3, 1111 1111111

118 81111111111111111818,11,,1,11,1,.1 L. 55. 1111111.
(11111111).111111111.111, 1,.181,1,,4 8188,181111111111)1811111811181111,,

118, 1,14111118811811111111111181111.1111. 1.1111181
1.13311111111 11811111,

1111188118.118,111111111)1181111,1111.1,88,1.1,183.1111
11811111. 81,1.,38,1,,11,881181118.1811881181111111111.
L. L 13. L. ,11,818,3,11111111118111811811,1,.8, 11, 4. 31, 1111 111111,
181111 1811111111 1111111111 111 obligationibus, 1111 111111 1111111111 1111111 1111·
1111, 11 11811111.. n. L. 81 11,8.,111811111111), 1,,13. 1,8,1 118,

, 14, 4. 1 1111111111 11111111), L. Ρ.,81 1,8,8,18,1,1811111111),

1181.11,1,,18118111111111)1181111,88,1,,1111138111
11811111. 811111111111,111111111111111111ι1111111111111111,1181111111
118111811111,11.1,88.1,,,38,,8,,1188,11.8111111111), (111111111111,
1.181, 1.11, L 81 181 1111111111 181111 1811181111, .

1,18,1,,888,11,8.1111 11111) 11 81111;111,1,88,1,1,,138 cum
1181181181.. 83.11,1,,88,1,,88,1,81,. 1888811 1811111111111111.
1.,8.1,18,13.6,1111111181111, 181388 (8111811111)1811111811181111,

5.. 20. 1,. 81 8118 1111 11111) 1181111, 111, 1, 81, 1, 1.,138 eum
1181111111 CL L. 181..
1111111. L 11111.

111111
1

1111 11111111

, 1188818,.1,8,1111111111111111111111,1,48,1,1,118,1111

11111111.111,1,,81,11.Ι,,111..,11.4881818111.1188418111111111),
1831,881.,3,811,811111111111181111,111.1,881,1,.1811111

11811111, 81.1,,88,,,14,1,88,1,1, 81818111 18188811, 18111111.

111111, 81 11111811,111111111811111111111111111,1,,11,1,18,,1ῑ18 111811.

8,41,81811111111,1,,18.1 81, 1811811111, 1111 11 81811118111111111111111,

1811 1818111181 11181118111111111 111181111111111-
L. 81, 8, 11, 81111 11111).1,,41, 81 L 181 11811111),
1811811111111111181111111,1.88,1,,,1181
1

L. 14. 1.1,8188.1811111111111111111181).1,.31,11,818,1,18111111· .

111811 1111111, 111, 111 13881 11 11811 81111811 111 1111111111 811 81111 18111111
188881 11111, 11111 1
. 5.L 11881188181111 11111)1181111,818·1,88,.11,188111
1111111ιοί81. 111..1.881,3,1,,88,1,1,8,1811111,1818881118111-
11111 111111. 81 111111111111111 11. L. 1811, 181111111181111, L. 83. L
88, 11, 181 1111111111111 1, 8818811 1, 1111181111. L. 31, 8181, 181
11111111181111.1.11,1,181181111111,1 1,3,1,1,81,8,1111111
111111111, 5. 8, L 3.14,1111811118111111811111811181111. 8111181111 11,
1,,881,,18,11.Ι,11111811118311818111111111111111111.
5-4. 8 “42 1ἰι181 1811118111811111111111811), 5.L L 314. 1111811 1111811111
11 1 11
ᾓη18818188188118.11111111111181111.1111. 1881111311
11811111. (11,-18 1,.11.1,.88,1.1,Ρ1.,11, 5.L 11111811. 811111111111111111
11,1111111111811111111111,13,1.1111,25.11,1,·11,11.8,1.11,111
1111111,1,31,1,.,,1111818111111 111 1111181111111),
’ 1,88, 18818 811811111111111181111111, 1..881,1.183,111ι
scholiis. 11,ι,,’-11 111,8,81,,81,,80,1.1,1,11,1,.181118111,
, 5 81 188118.8,,111811111111111111111,111.18811,,1881111
11811111.(111..4,1,,8,11,8.,1,8 18111818111111111111), 11111181111111, 11.
8111111111.188,1181 1111111111 1111111111 1111111119. 1,8,81111111111111111-
11118, 8111111111 Lamianus 8818111811. ,111 privilegio restituentis 11,
1888181181111111111818111,8,8881111111111111111811.
8, 33. 8.(8181111111111111. 1,,1, L 88. 81111118111111111111111
, 1,,111,11,1111,11,1111( 11111)1181111,1,,,1111881. ,1811111
11811111 1111811111111111111811811.1111111.
11, 1811111111111811181181), 1,8,118311111 111111

 

